# Contains the kinematic description on the P.04 protoype
# made by Ben Forrai (ben.forrai@mimicrobotics.com)
# based on the P.04 hand prototype ('24 Jul 01)
mcp_joint_values:
  h_1: 0.0017
  h_2: 0.0046
  r_sfr:
    x: 0.0056
    y: 0.006
    z: 0.0
  r_sfl:
    x: 0.0056
    y: -0.006
    z: 0.0
  r_sbr:
    x: -0.0075
    y: 0.006
    z: 0.0
  r_sbl:
    x: -0.0075
    y: -0.006
    z: 0.0
  r_efr:
    x: 0.0045
    y: 0.006
    z: 0.0055
  r_efl:
    x: 0.0045
    y: -0.006
    z: 0.0055
  r_ebr:
    x: -0.0085
    y: 0.0065
    z: 0.000
  r_ebl:
    x: -0.0085
    y: -0.0065
    z: 0.000
  r_mbr:
    x: -0.0065
    y: 0.006
    z: 0.0028
  r_mbl:
    x: -0.005
    y: -0.006
    z: 0.0028
  simple:
    abduction_multiplier: 0.0074
    flexion_multiplier: -0.0064
pip_joint_values:
  x: 0.0032
  y: 0.0055
  r: 0.00295
  scale: 1.3
thumb_joint_values:
  simple:
    cmc_multiplier: -0.0040
    cmc_offset: 0.6878
    abd_multiplier: -0.0037
    abd_offset: 1.18
    pp_multiplier: -0.0044
    pp_offset: 0.7
    pip_multiplier: -0.00731
    pip_offset: 0.476
spool_radius: 0.00535
